/â°ïù,ècïù,îwåi,âπäy,ÉXÉNÉçÅ[Éã,
 60, 15, 8, 10, 1,
 0, 0, 0, 0, 0, 0, 0, 0, 0, 0, 0, 0, 0, 14017, 0, 0, 0, 0, 0, 0, 0, 0, 0, 0, 0, 0, 0, 0, 0, 0, 0, 0, 0, 0, 0, 0, 0, 0, 0, 0, 0, 0, 0, 0, 0, 0, 0, 26505, 26505, 26505, 26505, 26505, 507, 507, 507, 507, 507, 507, 507, 507,
 0, 0, 0, 0, 0, 0, 0, 0, 0, 0, 14017, 0, 0, 0, 0, 0, 0, 0, 0, 0, 0, 0, 0, 0, 0, 0, 0, 0, 0, 0, 0, 0, 0, 0, 0, 0, 0, 0, 0, 0, 0, 0, 0, 0, 0, 0, 0, 26505, 26505, 26505, 26505, 26505, 507, 507, 507, 507, 507, 507, 507, 507,
 0, 0, 0, 0, 0, 0, 0, 0, 0, 0, 0, 0, 0, 0, 0, 0, 0, 0, 0, 0, 0, 0, 0, 0, 0, 0, 0, 0, 0, 0, 0, 0, 0, 0, 0, 14017, 0, 0, 0, 0, 0, 0, 0, 0, 0, 0, 0, 26505, 26505, 26505, 26505, 26505, 507, 507, 507, 507, 507, 507, 507, 507,
 0, 0, 0, 0, 0, 0, 0, 0, 0, 0, 0, 0, 0, 0, 0, 0, 0, 0, 0, 0, 0, 0, 0, 0, 0, 0, 0, 0, 0, 0, 0, 0, 0, 0, 0, 0, 0, 0, 0, 0, 0, 0, 0, 0, 0, 0, 0, 26505, 26505, 26505, 26505, 26505, 507, 507, 507, 507, 507, 507, 507, 507,
 0, 0, 0, 0, 0, 0, 0, 0, 0, 0, 0, 0, 0, 0, 0, 0, 0, 0, 0, 0, 0, 0, 0, 0, 0, 0, 0, 0, 0, 0, 0, 0, 0, 0, 0, 0, 0, 0, 0, 0, 0, 0, 0, 0, 0, 0, 0, 26505, 26505, 26505, 26505, 26505, 507, 507, 0, 0, 14017, 0, 0, 507,
 0, 0, 0, 0, 0, 0, 0, 0, 0, 0, 0, 0, 0, 0, 0, 0, 0, 0, 0, 0, 0, 0, 0, 0, 0, 0, 0, 0, 0, 0, 0, 0, 0, 0, 0, 0, 0, 0, 0, 0, 0, 0, 0, 0, 0, 0, 0, 0, 0, 0, 0, 0, 507, 507, 507, 507, 507, 507, 507, 507,
 0, 0, 0, 0, 0, 0, 0, 0, 0, 0, 0, 0, 0, 0, 0, 0, 0, 0, 0, 0, 0, 0, 0, 0, 0, 0, 0, 0, 0, 0, 0, 0, 0, 0, 0, 0, 0, 0, 0, 0, 0, 0, 0, 0, 0, 0, 0, 0, 0, 0, 0, 0, 507, 507, 507, 507, 507, 507, 507, 507,
 0, 0, 0, 0, 0, 0, 0, 0, 0, 0, 0, 0, 0, 0, 0, 0, 0, 0, 0, 0, 0, 0, 0, 0, 0, 0, 0, 0, 0, 0, 0, 0, 0, 0, 0, 0, 0, 0, 0, 0, 0, 0, 0, 0, 0, 0, 0, 0, 0, 0, 0, 0, 507, 507, 507, 507, 507, 507, 507, 507,
 0, 0, 0, 0, 0, 0, 0, 0, 0, 0, 0, 0, 0, 0, 0, 0, 0, 0, 0, 0, 0, 0, 0, 0, 0, 0, 0, 0, 0, 0, 0, 0, 0, 0, 0, 0, 0, 0, 0, 0, 0, 0, 0, 0, 0, 0, 0, 0, 0, 0, 0, 0, 507, 507, 507, 507, 507, 507, 507, 507,
 0, 0, 0, 0, 0, 0, 0, 0, 0, 0, 0, 0, 14016, 0, 0, 0, 0, 0, 0, 12010, 0, 0, 0, 0, 0, 0, 0, 0, 0, 0, 0, 0, 0, 0, 0, 0, 0, 0, 0, 0, 0, 0, 0, 0, 0, 0, 0, 0, 0, 0, 0, 0, 0, 0, 0, 0, 0, 0, 0, 0,
 0, 0, 0, 0, 0, 0, 0, 0, 0, 0, 0, 0, 0, 0, 0, 507, 507, 507, 507, 507, 0, 0, 0, 0, 0, 14017, 0, 0, 507, 0, 0, 0, 507, 0, 0, 0, 0, 0, 0, 0, 0, 0, 0, 0, 0, 0, 0, 0, 0, 0, 0, 0, 0, 0, 0, 0, 0, 0, 0, 0,
 0, 0, 0, 0, 0, 0, 0, 0, 0, 0, 0, 0, 0, 0, 507, 507, 507, 507, 507, 507, 507, 0, 0, 0, 0, 0, 0, 507, 507, 0, 0, 0, 507, 507, 0, 0, 0, 0, 0, 14010, 507, 0, 0, 0, 507, 0, 0, 0, 0, 0, 0, 0, 0, 0, 0, 0, 0, 0, 0, 0,
 0, 999, 0, 0, 0, 0, 0, 507, 507, 507, 507, 507, 507, 507, 507, 507, 507, 507, 507, 507, 507, 507, 507, 507, 507, 507, 507, 507, 507, 507, 507, 507, 507, 507, 507, 507, 507, 507, 507, 507, 507, 0, 0, 14010, 507, 0, 0, 0, 0, 0, 0, 0, 0, 0, 0, 0, 0, 801, 0, 0,
 0, 0, 0, 0, 0, 0, 0, 507, 507, 507, 507, 507, 507, 507, 507, 507, 507, 507, 507, 507, 507, 507, 507, 507, 507, 507, 507, 507, 507, 507, 507, 507, 507, 507, 507, 507, 507, 507, 507, 507, 507, 507, 507, 507, 507, 0, 0, 0, 0, 0, 0, 0, 0, 0, 0, 0, 0, 0, 0, 0,
 507, 507, 507, 507, 507, 507, 507, 507, 507, 507, 507, 507, 507, 507, 507, 507, 507, 507, 507, 507, 507, 507, 507, 507, 507, 507, 507, 507, 507, 507, 507, 507, 507, 507, 507, 507, 507, 507, 507, 507, 507, 507, 507, 507, 507, 12505, 12505, 12505, 12505, 12505, 12505, 12505, 507, 507, 507, 507, 507, 507, 507, 507,
