/â°ïù,ècïù,îwåi,âπäy,ÉXÉNÉçÅ[Éã,
 60, 15, 0, 18, 0,
 0, 0, 0, 0, 0, 0, 0, 0, 0, 0, 0, 0, 0, 0, 0, 0, 0, 0, 0, 0, 0, 0, 0, 0, 0, 0, 0, 0, 0, 0, 0, 0, 0, 0, 0, 0, 0, 0, 0, 0, 302, 0, 0, 0, 0, 0, 0, 0, 0, 0, 0, 0, 0, 0, 0, 0, 0, 0, 0, 0,
 0, 0, 0, 0, 0, 0, 0, 0, 0, 0, 0, 0, 0, 0, 0, 0, 0, 0, 0, 0, 0, 0, 0, 0, 0, 0, 0, 12007, 0, 0, 0, 0, 0, 0, 0, 0, 0, 0, 0, 0, 302, 0, 0, 0, 0, 0, 0, 0, 0, 0, 0, 0, 0, 0, 0, 0, 0, 0, 0, 0,
 0, 0, 0, 0, 0, 0, 0, 0, 0, 0, 0, 0, 0, 0, 0, 0, 0, 0, 0, 0, 12007, 12007, 0, 0, 0, 0, 0, 0, 0, 0, 0, 0, 0, 0, 0, 0, 0, 24006, 0, 0, 302, 0, 0, 0, 0, 0, 0, 0, 0, 0, 0, 0, 0, 0, 0, 0, 0, 0, 0, 0,
 0, 0, 0, 0, 0, 0, 0, 0, 0, 0, 0, 0, 0, 0, 0, 0, 0, 0, 0, 0, 0, 0, 0, 0, 0, 0, 0, 0, 12007, 0, 0, 0, 0, 0, 0, 0, 0, 0, 0, 0, 302, 0, 0, 0, 0, 0, 0, 0, 0, 0, 0, 0, 0, 0, 0, 0, 0, 0, 0, 0,
 0, 0, 0, 0, 0, 0, 0, 0, 0, 0, 0, 0, 0, 12007, 0, 0, 0, 0, 0, 0, 0, 0, 309, 309, 309, 309, 309, 0, 0, 0, 0, 0, 0, 0, 0, 0, 0, 0, 0, 0, 302, 0, 0, 0, 0, 0, 0, 0, 0, 0, 0, 0, 0, 0, 0, 0, 0, 0, 0, 0,
 0, 0, 0, 0, 0, 0, 12007, 0, 0, 0, 0, 0, 0, 0, 12007, 0, 0, 0, 0, 0, 0, 0, 0, 0, 0, 0, 0, 0, 0, 0, 0, 0, 0, 0, 0, 309, 309, 0, 0, 0, 302, 0, 0, 0, 0, 0, 0, 12002, 0, 0, 0, 0, 0, 0, 0, 0, 0, 0, 0, 0,
 0, 0, 0, 0, 0, 0, 0, 0, 0, 0, 0, 0, 0, 0, 0, 12007, 0, 0, 0, 0, 0, 0, 0, 0, 0, 0, 0, 0, 0, 0, 0, 0, 0, 0, 0, 0, 0, 0, 0, 0, 302, 0, 0, 0, 0, 500, 500, 309, 309, 309, 0, 0, 0, 0, 0, 0, 0, 0, 0, 0,
 0, 0, 0, 0, 0, 0, 0, 0, 0, 0, 0, 0, 0, 0, 0, 0, 0, 0, 0, 0, 0, 0, 0, 0, 0, 0, 0, 0, 0, 309, 309, 309, 309, 309, 309, 0, 0, 0, 0, 0, 302, 0, 0, 0, 0, 0, 0, 0, 0, 0, 0, 0, 0, 0, 0, 0, 0, 0, 0, 0,
 0, 0, 0, 0, 0, 0, 0, 0, 0, 0, 0, 0, 0, 22007, 0, 0, 0, 0, 0, 0, 12007, 12007, 0, 0, 0, 0, 0, 12007, 0, 0, 0, 0, 0, 0, 0, 0, 0, 0, 0, 0, 302, 0, 0, 0, 0, 0, 0, 0, 0, 0, 0, 0, 0, 0, 0, 0, 0, 0, 0, 0,
 0, 0, 0, 0, 0, 0, 0, 0, 0, 0, 0, 0, 0, 0, 22007, 0, 0, 0, 0, 0, 0, 0, 0, 0, 0, 0, 0, 0, 0, 0, 0, 0, 0, 0, 0, 0, 0, 305, 305, 305, 306, 305, 305, 305, 305, 0, 0, 0, 0, 0, 12007, 12007, 12007, 0, 0, 0, 801, 0, 0, 0,
 0, 0, 0, 0, 0, 0, 0, 0, 0, 0, 0, 0, 0, 0, 0, 22007, 0, 0, 0, 0, 0, 0, 0, 0, 0, 0, 0, 0, 12007, 0, 0, 0, 0, 0, 14006, 0, 0, 0, 0, 0, 0, 0, 0, 0, 0, 500, 500, 0, 0, 0, 12007, 12007, 12007, 0, 0, 0, 0, 0, 0, 0,
 0, 0, 0, 0, 0, 0, 0, 0, 0, 0, 0, 0, 0, 0, 0, 0, 0, 0, 0, 0, 0, 0, 0, 0, 0, 0, 0, 0, 0, 0, 901, 0, 0, 0, 0, 0, 0, 0, 0, 0, 0, 0, 0, 0, 0, 0, 0, 0, 0, 0, 12007, 12007, 12007, 301, 301, 301, 301, 301, 301, 301,
 0, 999, 0, 0, 0, 0, 12007, 0, 0, 0, 0, 0, 0, 0, 0, 0, 0, 0, 0, 0, 0, 0, 0, 0, 0, 0, 0, 0, 0, 309, 309, 309, 0, 0, 0, 0, 0, 0, 0, 0, 0, 0, 0, 11010, 0, 0, 0, 0, 309, 0, 12007, 12007, 12007, 302, 302, 302, 302, 302, 302, 302,
 0, 0, 0, 0, 0, 0, 0, 0, 301, 301, 301, 301, 301, 0, 0, 0, 301, 301, 301, 301, 0, 0, 0, 0, 0, 0, 0, 0, 0, 301, 301, 301, 301, 301, 301, 301, 301, 301, 301, 301, 301, 301, 301, 301, 301, 301, 301, 301, 301, 0, 12007, 12007, 12007, 302, 302, 302, 302, 302, 302, 302,
 301, 301, 301, 301, 301, 0, 0, 0, 302, 302, 302, 302, 302, 0, 0, 0, 302, 302, 302, 302, 12506, 12506, 0, 0, 0, 0, 0, 0, 0, 302, 302, 302, 302, 302, 302, 302, 302, 302, 302, 302, 302, 302, 302, 302, 302, 302, 302, 302, 302, 0, 12007, 12007, 12007, 302, 302, 302, 302, 302, 302, 302,
